429668707
131696778
257754863
55369328
227018500
170787537
351847997
290052407
297758723
440942665
378709248
433073311
366176272
454363682
244894665
82485506
388342315
431145808
446241798
342838023
145223449
232452549
34463648
339352104
194436949
382583581
289028131
319374947
354013820
296281126
166766593
387522774
252722486
423871453
442931077
446338546
241157466
321911078
408055772
137180399
278604003
234771337
255843323
356202178
345871827
138950874
432819841
419168264
281362971
209663289
286824357
268345487
355578199
300793640
247399120
231750341
245909372
179612450
398830223
326510170
219508015
340893956
422638288
71142715
208135085
243171633
351526257 
308843387
288542575
265617186
404264565
304580626
242029735
391118696
198694774
346346708
449522610
349923382
251870288
221054962
257851458
353627254
276085990
416868028
390865437
254366411
438060062
288127473
402645243
296042845
205655106
251407073
398494324
246105163
264574022
290902520
193150721
338223373
414769302
183619147
291360137
105518613
406391100
322764046
195658834
144316458
388712393
249854212
61656859
414869414
14286730
437709176
331680317
330832517
184566528
181535767
299748398
311271823
452262059
417311328
312451541
402094747
278371278
264056124